pca .95 = 1601 dims
    
(150, 0.07142907634893976) 


(250, 0.068600969585108793) 


(300, 0.067008639230223904) 


(200, 0.066452909302635504) 


(100, 0.060331447903390033) 
    ___________________________
    
pca .90 = 1274 dims

(250, 0.072859985279343897) 


(200, 0.071628680822513627) 


(150, 0.07128701666930426) 


(300, 0.071077409769402647) 


(100, 0.0685657850077179) 
-------------------------
pca .80 = 849 dims

(250, 0.085688086772624308) 


(200, 0.082315552483602825) 


(150, 0.082286153364417872) 


(300, 0.076505591789924207) 


(100, 0.075582369611072689) 